2  0.159543
3  0.199640
4  0.018389
5  0.176429
6  0.193918
7  0.099934
8  0.276167
9  0.461325
10  0.617102
11  0.187040
12  0.187509
13  0.168099
14  0.240791
15  0.146488
16  0.342516
17  0.298154
18  0.159315
19  0.029038
20  0.050061
21  0.120470
22  0.211468
23  0.144145
24  0.096332
25  0.151368
26  0.645026
27  0.285517
28  0.260037
29  0.127022
30  0.144019
31  0.056729
32  0.093219
33  0.355586
34  0.244228
35  0.008922
36  0.261196
37  0.117192
38  0.080945
39  0.061280
40  0.018833
41  0.228038
42  0.284910
43  0.099051
44  0.218095
45  0.270185
46  0.113363
47  0.090211
48  0.401223
49  0.242939
50  0.129781
51  0.013815
52  0.037211
53  0.096497
54  0.150399
55  0.090274
56  0.418077
57  0.157213
58  0.118854
59  0.161378
60  0.328559
61  0.079022
62  0.000035